3.20713208e-02,7.14928761e-03,2.00470087e-03,7.31326763e-05,,7.17394261e-04,5.32886413e-04,1.67354813e-03,2.36459831e-03,,1.40661246e-02,-1.06731950e-03,-6.45986645e-04,-1.51455580e-03,-1.26623136e-03,-1.41404575e-03,-3.68030500e-03,-4.42099669e-03,-2.59443327e-03,-9.70854579e-04,-6.43446151e-03,-7.14397470e-03,-5.54869440e-03,-6.35772509e-03,-6.41861263e-03,-4.83864501e-03,,4.11055561e-03,-1.14898102e-03,-2.01950710e-03,-3.13512810e-03,-3.37756811e-03,6.68518505e-03,-1.08139228e-04,-1.58014001e-03,-6.79944887e-03,-7.60666701e-03,-6.72439176e-03,-7.11628420e-03,,3.51528594e-03,-3.77862005e-03,2.27476971e-02
7.14928761e-03,1.35448444e-02,5.39527839e-03,-1.34972950e-04,-1.59144467e-03,-1.84477607e-03,-1.68655365e-03,-1.48834126e-03,,1.33861677e-03,-2.46840449e-03,-2.36270580e-03,-2.91564079e-03,-2.35168218e-03,-1.68488003e-03,-2.30860309e-03,-2.33616568e-03,,1.63599984e-04,2.02849435e-03,-4.34963051e-03,-5.05914370e-03,-3.46386340e-03,-4.27289408e-03,-4.33378163e-03,-2.75381400e-03,,9.84899378e-03,3.09038429e-03,1.53812083e-03,1.10423721e-03,,8.61797204e-04,1.30807418e-02,-2.48580171e-03,-2.98122500e-03,-4.71461787e-03,-5.52183601e-03,-4.63956075e-03,-5.03145320e-03,,9.25372411e-03,4.60745265e-04,3.92292655e-03
2.00470087e-03,5.39527839e-03,9.47673853e-03,2.19290842e-03,,1.29754411e-05,-2.78797032e-04,-4.06849245e-04,-3.52245682e-04,-1.70790356e-04,-7.03655883e-04,-6.62200397e-04,-1.15089219e-03,-5.22690380e-04,3.09916308e-04,-5.19947475e-04,-6.37008824e-04,,1.77826896e-03,4.58424430e-03,-2.65047365e-03,-3.35998684e-03,-1.76470654e-03,-2.57373723e-03,-2.63462477e-03,-1.05465714e-03,,3.46333677e-03,7.28701165e-04,1.00643111e-03,-1.25744592e-03,-1.49988592e-03,4.93117582e-03,-9.19822673e-04,-1.21647640e-03,-3.01546101e-03,-3.82267915e-03,-2.94040389e-03,-3.33229634e-03,,2.86806710e-03,-1.90093786e-03,5.95929615e-04
7.31326763e-05,-1.34972950e-04,2.19290842e-03,9.87679978e-03,,6.21468693e-03,5.76336096e-03,5.33420721e-03,5.23776407e-03,,2.25103579e-03,4.99170802e-03,5.14524889e-03,4.54447172e-03,,5.06058815e-03,5.60391498e-03,1.20822297e-04,-2.01650074e-03,-1.50837373e-03,-2.27325623e-04,-4.02996556e-03,-4.73947876e-03,-3.14419846e-03,-3.95322914e-03,-4.01411669e-03,-2.43414906e-03,-1.66160668e-03,-3.47162068e-03,-2.77339809e-03,-5.45776776e-03,-5.70020777e-03,-5.99075514e-04,5.12233532e-03,4.47888751e-03,-4.39495292e-03,-5.20217106e-03,-4.31989581e-03,-4.71178825e-03,-2.25687635e-03,-6.10125971e-03,8.41058593e-04
7.17394261e-04,-1.59144467e-03,1.29754411e-05,6.21468693e-03,,1.18302928e-02,1.07867896e-02,1.03653329e-02,1.02727510e-02,,5.43659376e-03,7.24168329e-03,8.29161656e-03,6.79444698e-03,,6.41417101e-03,4.64400911e-03,-1.24510768e-03,-3.55871152e-03,-3.21699567e-03,-2.11575275e-03,-5.57217635e-03,-6.28168954e-03,-4.68640924e-03,-5.49543993e-03,-5.55632747e-03,-3.97635984e-03,-3.16362933e-03,-5.07755787e-03,-4.42659277e-03,-7.06370495e-03,-7.30614495e-03,-2.05554723e-03,1.01457640e-02,6.72886278e-03,-5.93716371e-03,-6.74438185e-03,-5.86210659e-03,-6.25399904e-03,-3.75889900e-03,-7.70719689e-03,2.75596837e-03
5.32886413e-04,-1.84477607e-03,-2.78797032e-04,5.76336096e-03,,1.07867896e-02,1.20051525e-02,1.07452676e-02,1.02320907e-02,,5.33534306e-03,7.91791859e-03,9.14306988e-03,7.47068229e-03,,6.91518830e-03,4.69280827e-03,-1.32304526e-03,-3.69167356e-03,-3.40190143e-03,-2.34142817e-03,-5.70513838e-03,-6.41465157e-03,-4.81937127e-03,-5.62840196e-03,-5.68928950e-03,-4.10932187e-03,-3.40459964e-03,-5.29032905e-03,-4.62653975e-03,-7.27647613e-03,-7.51891613e-03,-2.30887864e-03,1.13641268e-02,7.40509808e-03,-6.07012574e-03,-6.87734388e-03,-5.99506863e-03,-6.38696107e-03,-3.99986932e-03,-7.91996807e-03,2.61308910e-03
1.67354813e-03,-1.68655365e-03,-4.06849245e-04,5.33420721e-03,,1.03653329e-02,1.07452676e-02,1.55378819e-02,1.34261407e-02,,7.66447997e-03,6.95496865e-03,8.08414926e-03,6.50773234e-03,,6.04820902e-03,4.07351856e-03,-1.73153779e-03,-4.00864567e-03,-3.63247720e-03,-2.53289120e-03,-6.02211050e-03,-6.73162369e-03,-5.13634339e-03,-5.94537408e-03,-6.00626162e-03,-4.42629399e-03,-3.31661361e-03,-5.36257203e-03,-4.77165051e-03,-7.34871911e-03,-7.59115912e-03,-2.15065621e-03,1.01042420e-02,6.44214813e-03,-6.38709786e-03,-7.19431600e-03,-6.31204074e-03,-6.70393319e-03,-3.91188328e-03,-7.99221106e-03,4.34798841e-03
2.36459831e-03,-1.48834126e-03,-3.52245682e-04,5.23776407e-03,,1.02727510e-02,1.02320907e-02,1.34261407e-02,1.51472670e-02,,8.95172524e-03,6.59074822e-03,7.67178543e-03,6.14351191e-03,,5.73213199e-03,3.88169428e-03,-1.81761629e-03,-4.04881322e-03,-3.62930428e-03,-2.51009748e-03,-6.06227805e-03,-6.77179124e-03,-5.17651094e-03,-5.98554163e-03,-6.04642917e-03,-4.46646154e-03,-3.15363510e-03,-5.27997193e-03,-4.72560432e-03,-7.26611901e-03,-7.50855902e-03,-1.95244382e-03,9.59106505e-03,6.07792771e-03,-6.42726541e-03,-7.23448355e-03,-6.35220829e-03,-6.74410074e-03,-3.74890477e-03,-7.90961096e-03,5.33713613e-03
1.40661246e-02,1.33861677e-03,-1.70790356e-04,2.25103579e-03,,5.43659376e-03,5.33534306e-03,7.66447997e-03,8.95172524e-03,,3.13889829e-02,2.55375308e-03,3.35691449e-03,2.10651677e-03,,1.97301266e-03,8.39741389e-04,-3.41352462e-03,-5.01690192e-03,-4.00472386e-03,-2.67306926e-03,-7.03036675e-03,-7.73987994e-03,-6.14459964e-03,-6.95363032e-03,-7.01451787e-03,-5.43455024e-03,-9.05186568e-04,-4.35126672e-03,-4.39708232e-03,-6.33741380e-03,-6.57985381e-03,8.74514202e-04,4.69431742e-03,2.04093257e-03,-7.39535411e-03,-8.20257224e-03,-7.32029699e-03,-7.71218944e-03,-1.50045624e-03,-6.98090575e-03,2.24065281e-02
-1.06731950e-03,-2.46840449e-03,-7.03655883e-04,4.99170802e-03,,7.24168329e-03,7.91791859e-03,6.95496865e-03,6.59074822e-03,,2.55375308e-03,1.33093055e-02,1.13380175e-02,1.06934646e-02,,1.11658053e-02,6.50605285e-03,-3.79641905e-04,-3.12592343e-03,-3.19266039e-03,-2.37409628e-03,-5.13938825e-03,-5.84890145e-03,-4.25362115e-03,-5.06265183e-03,-5.12353938e-03,-3.54357175e-03,-3.87777020e-03,-5.42026278e-03,-4.60037875e-03,-7.40640986e-03,-7.64884987e-03,-2.93250705e-03,7.27689295e-03,1.27964850e-02,-5.50437561e-03,-6.31159375e-03,-5.42931850e-03,-5.82121095e-03,-4.47303987e-03,-8.04990181e-03,4.22191150e-04
-6.45986645e-04,-2.36270580e-03,-6.62200397e-04,5.14524889e-03,,8.29161656e-03,9.14306988e-03,8.08414926e-03,7.67178543e-03,,3.35691449e-03,1.13380175e-02,1.32023296e-02,1.08907812e-02,,9.69612631e-03,5.82414341e-03,-7.80414813e-04,-3.40463714e-03,-3.35614879e-03,-2.45939857e-03,-5.41810197e-03,-6.12761516e-03,-4.53233486e-03,-5.34136555e-03,-5.40225309e-03,-3.82228546e-03,-3.82070015e-03,-5.47412840e-03,-4.70469488e-03,-7.46027548e-03,-7.70271548e-03,-2.82680836e-03,8.50204423e-03,1.08251970e-02,-5.78308933e-03,-6.59030747e-03,-5.70803221e-03,-6.09992466e-03,-4.41596983e-03,-8.10376742e-03,1.03443828e-03
-1.51455580e-03,-2.91564079e-03,-1.15089219e-03,4.54447172e-03,,6.79444698e-03,7.47068229e-03,6.50773234e-03,6.14351191e-03,,2.10651677e-03,1.06934646e-02,1.08907812e-02,3.20256536e-02,,1.07185690e-02,6.05881654e-03,-8.26878213e-04,-3.57315974e-03,-3.63989670e-03,-2.82133258e-03,-5.58662456e-03,-6.29613775e-03,-4.70085745e-03,-5.50988814e-03,-5.57077568e-03,-3.99080806e-03,-4.32500650e-03,-5.86749909e-03,-5.04761506e-03,-7.85364617e-03,-8.09608617e-03,-3.37974336e-03,6.82965665e-03,1.01806441e-02,-5.95161192e-03,-6.75883006e-03,-5.87655481e-03,-6.26844725e-03,-4.92027618e-03,-8.49713811e-03,-2.50451571e-05
-1.26623136e-03,-2.35168218e-03,-5.22690380e-04,5.06058815e-03,,6.41417101e-03,6.91518830e-03,6.04820902e-03,5.73213199e-03,,1.97301266e-03,1.11658053e-02,9.69612631e-03,1.07185690e-02,,1.28579052e-02,7.41038328e-03,2.43551992e-04,-2.62478872e-03,-2.80675100e-03,-2.06637299e-03,-4.63825355e-03,-5.34776674e-03,-3.75248644e-03,-4.56151713e-03,-4.62240467e-03,-3.04243704e-03,-3.71241925e-03,-5.14397617e-03,-4.27364164e-03,-7.13012326e-03,-7.37256326e-03,-2.81578475e-03,6.27416266e-03,1.06529848e-02,-5.00324091e-03,-5.81045905e-03,-4.92818379e-03,-5.32007624e-03,-4.30768892e-03,-7.77361520e-03,3.23650102e-05
-1.41404575e-03,-1.68488003e-03,3.09916308e-04,5.60391498e-03,,4.64400911e-03,4.69280827e-03,4.07351856e-03,3.88169428e-03,,8.39741389e-04,6.50605285e-03,5.82414341e-03,6.05881654e-03,,7.41038328e-03,1.01099141e-02,2.21750080e-03,-9.65861064e-04,-1.44520701e-03,-9.06618609e-04,-2.97932589e-03,-3.68883908e-03,-2.09355878e-03,-2.90258947e-03,-2.96347701e-03,-1.38350938e-03,-2.92011198e-03,-4.06535636e-03,-3.06481470e-03,-6.05150345e-03,-6.29394345e-03,-2.14898259e-03,4.05178263e-03,5.99323234e-03,-3.34431325e-03,-4.15153139e-03,-3.26925613e-03,-3.66114858e-03,-3.51538166e-03,-6.69499539e-03,-6.08177822e-04
-3.68030500e-03,-2.30860309e-03,-5.19947475e-04,1.20822297e-04,-1.24510768e-03,-1.32304526e-03,-1.73153779e-03,-1.81761629e-03,-3.41352462e-03,-3.79641905e-04,-7.80414813e-04,-8.26878213e-04,,2.43551992e-04,2.21750080e-03,1.05519715e-02,4.92755858e-03,,2.14383174e-03,9.96608569e-04,2.91409375e-03,2.20458056e-03,,3.79986086e-03,2.99083018e-03,2.92994263e-03,4.50991026e-03,-2.78279965e-03,-2.19190766e-03,-4.01818596e-04,-4.17805474e-03,-4.42049474e-03,-2.77270565e-03,-1.96407090e-03,-8.92462418e-04,,2.54910639e-03,1.74188825e-03,2.62416351e-03,2.23227106e-03,-3.37806932e-03,-4.82154668e-03,-3.86794045e-03
-4.42099669e-03,-2.33616568e-03,-6.37008824e-04,-2.01650074e-03,-3.55871152e-03,-3.69167356e-03,-4.00864567e-03,-4.04881322e-03,-5.01690192e-03,-3.12592343e-03,-3.40463714e-03,-3.57315974e-03,-2.62478872e-03,-9.65861064e-04,4.92755858e-03,7.72950083e-03,,3.94529615e-03,2.06615529e-03,5.71603601e-03,5.00652281e-03,,6.60180311e-03,5.79277243e-03,5.73188488e-03,7.31185251e-03,-2.47994853e-03,-1.13528966e-03,9.97591985e-04,-3.12143674e-03,-3.36387675e-03,-2.80026825e-03,-4.33269920e-03,-3.63874394e-03,,5.35104865e-03,4.54383051e-03,5.42610576e-03,5.03421331e-03,-3.07521820e-03,-3.76492869e-03,-5.03997494e-03
-2.59443327e-03,1.63599984e-04,1.77826896e-03,-1.50837373e-03,-3.21699567e-03,-3.40190143e-03,-3.63247720e-03,-3.62930428e-03,-4.00472386e-03,-3.19266039e-03,-3.35614879e-03,-3.63989670e-03,-2.80675100e-03,-1.44520701e-03,2.14383174e-03,3.94529615e-03,,8.17168480e-03,5.60160504e-03,1.93183132e-03,1.22231813e-03,,2.81759843e-03,2.00856775e-03,1.94768020e-03,3.52764783e-03,,3.31731568e-04,2.38795522e-03,4.84443710e-03,4.01808142e-04,,1.59368138e-04,-3.00502580e-04,-4.04292707e-03,-3.70548090e-03,,1.56684396e-03,7.59625823e-04,1.64190108e-03,1.25000863e-03,-2.63538105e-04,-2.41683802e-04,-3.62060421e-03
-9.70854579e-04,2.02849435e-03,4.58424430e-03,-2.27325623e-04,-2.11575275e-03,-2.34142817e-03,-2.53289120e-03,-2.51009748e-03,-2.67306926e-03,-2.37409628e-03,-2.45939857e-03,-2.82133258e-03,-2.06637299e-03,-9.06618609e-04,9.96608569e-04,2.06615529e-03,,5.60160504e-03,1.01911493e-02,5.26904630e-05,-6.56822729e-04,,9.38457571e-04,1.29426885e-04,6.85393406e-05,1.64850697e-03,,1.39544789e-03,1.62395846e-03,3.24924634e-03,-3.62188625e-04,-6.04628630e-04,1.56439179e-03,-2.98245381e-03,-2.88691679e-03,-3.12296897e-04,-1.11951504e-03,-2.37239781e-04,-6.29132228e-04,,8.00178214e-04,-1.00568057e-03,-2.14298756e-03
-6.43446151e-03,-4.34963051e-03,-2.65047365e-03,-4.02996556e-03,-5.57217635e-03,-5.70513838e-03,-6.02211050e-03,-6.06227805e-03,-7.03036675e-03,-5.13938825e-03,-5.41810197e-03,-5.58662456e-03,-4.63825355e-03,-2.97932589e-03,2.91409375e-03,5.71603601e-03,,1.93183132e-03,5.26904630e-05,2.33338532e-02,2.26243400e-02,,4.58833829e-03,3.77930760e-03,3.71842006e-03,5.29838769e-03,-4.49341335e-03,-3.14875449e-03,-1.01587284e-03,-5.13490157e-03,-5.37734157e-03,-4.81373307e-03,-6.34616402e-03,-5.65220877e-03,,2.29688659e-02,2.21616477e-02,3.41264094e-03,3.02074849e-03,-5.08868303e-03,-5.77839351e-03,-7.05343977e-03
-7.14397470e-03,-5.05914370e-03,-3.35998684e-03,-4.73947876e-03,-6.28168954e-03,-6.41465157e-03,-6.73162369e-03,-6.77179124e-03,-7.73987994e-03,-5.84890145e-03,-6.12761516e-03,-6.29613775e-03,-5.34776674e-03,-3.68883908e-03,2.20458056e-03,5.00652281e-03,,1.22231813e-03,-6.56822729e-04,2.26243400e-02,3.57503341e-02,,3.87882510e-03,3.06979441e-03,3.00890687e-03,4.58887450e-03,-5.20292655e-03,-3.85826768e-03,-1.72538603e-03,-5.84441476e-03,-6.08685476e-03,-5.52324626e-03,-7.05567722e-03,-6.36172196e-03,,2.22593527e-02,3.52876418e-02,2.70312774e-03,2.31123530e-03,-5.79819622e-03,-6.48790670e-03,-7.76295296e-03
-5.54869440e-03,-3.46386340e-03,-1.76470654e-03,-3.14419846e-03,-4.68640924e-03,-4.81937127e-03,-5.13634339e-03,-5.17651094e-03,-6.14459964e-03,-4.25362115e-03,-4.53233486e-03,-4.70085745e-03,-3.75248644e-03,-2.09355878e-03,3.79986086e-03,6.60180311e-03,,2.81759843e-03,9.38457571e-04,4.58833829e-03,3.87882510e-03,,1.66770763e-02,1.34373750e-02,1.17086770e-02,7.20781472e-03,-3.60764625e-03,-2.26298738e-03,-1.30105732e-04,-4.24913446e-03,-4.49157446e-03,-3.92796596e-03,-5.46039691e-03,-4.76644166e-03,,4.22335093e-03,3.41613279e-03,1.30707083e-02,1.10110054e-02,-4.20291592e-03,-4.89262640e-03,-6.16767266e-03
-6.35772509e-03,-4.27289408e-03,-2.57373723e-03,-3.95322914e-03,-5.49543993e-03,-5.62840196e-03,-5.94537408e-03,-5.98554163e-03,-6.95363032e-03,-5.06265183e-03,-5.34136555e-03,-5.50988814e-03,-4.56151713e-03,-2.90258947e-03,2.99083018e-03,5.79277243e-03,,2.00856775e-03,1.29426885e-04,3.77930760e-03,3.06979441e-03,,1.34373750e-02,2.17233112e-02,1.82654567e-02,7.46009668e-03,-4.41667693e-03,-3.07201806e-03,-9.39136418e-04,-5.05816515e-03,-5.30060515e-03,-4.73699665e-03,-6.26942760e-03,-5.57547235e-03,,3.41432024e-03,2.60710210e-03,2.13566446e-02,1.75677852e-02,-5.01194660e-03,-5.70165709e-03,-6.97670335e-03
-6.41861263e-03,-4.33378163e-03,-2.63462477e-03,-4.01411669e-03,-5.55632747e-03,-5.68928950e-03,-6.00626162e-03,-6.04642917e-03,-7.01451787e-03,-5.12353938e-03,-5.40225309e-03,-5.57077568e-03,-4.62240467e-03,-2.96347701e-03,2.92994263e-03,5.73188488e-03,,1.94768020e-03,6.85393406e-05,3.71842006e-03,3.00890687e-03,,1.17086770e-02,1.82654567e-02,2.32586374e-02,8.12743132e-03,-4.47756448e-03,-3.13290561e-03,-1.00002396e-03,-5.11905269e-03,-5.36149269e-03,-4.79788419e-03,-6.33031515e-03,-5.63635989e-03,,3.35343270e-03,2.54621456e-03,1.78987901e-02,2.25609658e-02,-5.07283415e-03,-5.76254463e-03,-7.03759089e-03
-4.83864501e-03,-2.75381400e-03,-1.05465714e-03,-2.43414906e-03,-3.97635984e-03,-4.10932187e-03,-4.42629399e-03,-4.46646154e-03,-5.43455024e-03,-3.54357175e-03,-3.82228546e-03,-3.99080806e-03,-3.04243704e-03,-1.38350938e-03,4.50991026e-03,7.31185251e-03,,3.52764783e-03,1.64850697e-03,5.29838769e-03,4.58887450e-03,,7.20781472e-03,7.46009668e-03,8.12743132e-03,1.23624940e-02,-2.89759685e-03,-1.55293798e-03,5.79943667e-04,-3.53908506e-03,-3.78152507e-03,-3.21791656e-03,-4.75034752e-03,-4.05639226e-03,,4.93340033e-03,4.12618219e-03,7.09343002e-03,7.42975975e-03,-3.49286652e-03,-4.18257700e-03,-5.45762326e-03
4.11055561e-03,9.84899378e-03,3.46333677e-03,-1.66160668e-03,-3.16362933e-03,-3.40459964e-03,-3.31661361e-03,-3.15363510e-03,-9.05186568e-04,-3.87777020e-03,-3.82070015e-03,-4.32500650e-03,-3.71241925e-03,-2.92011198e-03,-2.78279965e-03,-2.47994853e-03,,3.31731568e-04,1.39544789e-03,-4.49341335e-03,-5.20292655e-03,-3.60764625e-03,-4.41667693e-03,-4.47756448e-03,-2.89759685e-03,,1.85659712e-02,7.50749536e-03,3.99977015e-03,5.52134828e-03,,5.27890828e-03,9.38489122e-03,-4.04562529e-03,-4.39059071e-03,-4.85840071e-03,-5.66561885e-03,-4.78334360e-03,-5.17523605e-03,,1.79707015e-02,4.87785634e-03,1.28165888e-03
-1.14898102e-03,3.09038429e-03,7.28701165e-04,-3.47162068e-03,-5.07755787e-03,-5.29032905e-03,-5.36257203e-03,-5.27997193e-03,-4.35126672e-03,-5.42026278e-03,-5.47412840e-03,-5.86749909e-03,-5.14397617e-03,-4.06535636e-03,-2.19190766e-03,-1.13528966e-03,,2.38795522e-03,1.62395846e-03,-3.14875449e-03,-3.85826768e-03,-2.26298738e-03,-3.07201806e-03,-3.13290561e-03,-1.55293798e-03,,7.50749536e-03,1.92568396e-02,1.12881546e-02,1.72706925e-02,,1.70282525e-02,2.62628173e-03,-5.93135469e-03,-5.93308329e-03,-3.51374185e-03,-4.32095999e-03,-3.43868473e-03,-3.83057718e-03,,6.91222569e-03,1.66272006e-02,-3.07114951e-03
-2.01950710e-03,1.53812083e-03,1.00643111e-03,-2.77339809e-03,-4.42659277e-03,-4.62653975e-03,-4.77165051e-03,-4.72560432e-03,-4.39708232e-03,-4.60037875e-03,-4.70469488e-03,-5.04761506e-03,-4.27364164e-03,-3.06481470e-03,-4.01818596e-04,9.97591985e-04,,4.84443710e-03,3.24924634e-03,-1.01587284e-03,-1.72538603e-03,-1.30105732e-04,-9.39136418e-04,-1.00002396e-03,5.79943667e-04,,3.99977015e-03,1.12881546e-02,1.61240803e-02,9.30200756e-03,,9.05956755e-03,1.07401827e-03,-5.26756539e-03,-5.11319927e-03,-1.38086020e-03,-2.18807834e-03,-1.30580308e-03,-1.69769553e-03,,3.40450048e-03,8.65851561e-03,-3.52932035e-03
-3.13512810e-03,1.10423721e-03,-1.25744592e-03,-5.45776776e-03,-7.06370495e-03,-7.27647613e-03,-7.34871911e-03,-7.26611901e-03,-6.33741380e-03,-7.40640986e-03,-7.46027548e-03,-7.85364617e-03,-7.13012326e-03,-6.05150345e-03,-4.17805474e-03,-3.12143674e-03,,4.01808142e-04,-3.62188625e-04,-5.13490157e-03,-5.84441476e-03,-4.24913446e-03,-5.05816515e-03,-5.11905269e-03,-3.53908506e-03,,5.52134828e-03,1.72706925e-02,9.30200756e-03,4.49542146e-02,,3.89371390e-02,6.40134645e-04,-7.91750177e-03,-7.91923038e-03,-5.49988893e-03,-6.30710707e-03,-5.42483181e-03,-5.81672426e-03,,4.92607861e-03,3.85360870e-02,-5.05729659e-03
-3.37756811e-03,8.61797204e-04,-1.49988592e-03,-5.70020777e-03,-7.30614495e-03,-7.51891613e-03,-7.59115912e-03,-7.50855902e-03,-6.57985381e-03,-7.64884987e-03,-7.70271548e-03,-8.09608617e-03,-7.37256326e-03,-6.29394345e-03,-4.42049474e-03,-3.36387675e-03,,1.59368138e-04,-6.04628630e-04,-5.37734157e-03,-6.08685476e-03,-4.49157446e-03,-5.30060515e-03,-5.36149269e-03,-3.78152507e-03,,5.27890828e-03,1.70282525e-02,9.05956755e-03,3.89371390e-02,,4.63095969e-02,3.97694640e-04,-8.15994177e-03,-8.16167038e-03,-5.74232893e-03,-6.54954707e-03,-5.66727182e-03,-6.05916426e-03,,4.68363860e-03,4.59085449e-02,-5.29973660e-03
6.68518505e-03,1.30807418e-02,4.93117582e-03,-5.99075514e-04,-2.05554723e-03,-2.30887864e-03,-2.15065621e-03,-1.95244382e-03,,8.74514202e-04,-2.93250705e-03,-2.82680836e-03,-3.37974336e-03,-2.81578475e-03,-2.14898259e-03,-2.77270565e-03,-2.80026825e-03,-3.00502580e-04,1.56439179e-03,-4.81373307e-03,-5.52324626e-03,-3.92796596e-03,-4.73699665e-03,-4.79788419e-03,-3.21791656e-03,,9.38489122e-03,2.62628173e-03,1.07401827e-03,6.40134645e-04,,3.97694640e-04,3.07166392e-02,-2.94990428e-03,-3.44532756e-03,-5.17872043e-03,-5.98593857e-03,-5.10366332e-03,-5.49555576e-03,,8.78962154e-03,-3.35729940e-06,3.45882398e-03
-1.08139228e-04,-2.48580171e-03,-9.19822673e-04,5.12233532e-03,,1.01457640e-02,1.13641268e-02,1.01042420e-02,9.59106505e-03,,4.69431742e-03,7.27689295e-03,8.50204423e-03,6.82965665e-03,,6.27416266e-03,4.05178263e-03,-1.96407090e-03,-4.33269920e-03,-4.04292707e-03,-2.98245381e-03,-6.34616402e-03,-7.05567722e-03,-5.46039691e-03,-6.26942760e-03,-6.33031515e-03,-4.75034752e-03,-4.04562529e-03,-5.93135469e-03,-5.26756539e-03,-7.91750177e-03,-8.15994177e-03,-2.94990428e-03,3.57231012e-02,6.76407244e-03,-6.71115138e-03,-7.51836952e-03,-6.63609427e-03,-7.02798671e-03,-4.64089496e-03,-8.56099371e-03,1.97206345e-03
-1.58014001e-03,-2.98122500e-03,-1.21647640e-03,4.47888751e-03,,6.72886278e-03,7.40509808e-03,6.44214813e-03,6.07792771e-03,,2.04093257e-03,1.27964850e-02,1.08251970e-02,1.01806441e-02,,1.06529848e-02,5.99323234e-03,-8.92462418e-04,-3.63874394e-03,-3.70548090e-03,-2.88691679e-03,-5.65220877e-03,-6.36172196e-03,-4.76644166e-03,-5.57547235e-03,-5.63635989e-03,-4.05639226e-03,-4.39059071e-03,-5.93308329e-03,-5.11319927e-03,-7.91923038e-03,-8.16167038e-03,-3.44532756e-03,6.76407244e-03,3.22836645e-02,-6.01719613e-03,-6.82441427e-03,-5.94213901e-03,-6.33403146e-03,-4.98586038e-03,-8.56272232e-03,-9.06293626e-05
-6.79944887e-03,-4.71461787e-03,-3.01546101e-03,-4.39495292e-03,-5.93716371e-03,-6.07012574e-03,-6.38709786e-03,-6.42726541e-03,-7.39535411e-03,-5.50437561e-03,-5.78308933e-03,-5.95161192e-03,-5.00324091e-03,-3.34431325e-03,2.54910639e-03,5.35104865e-03,,1.56684396e-03,-3.12296897e-04,2.29688659e-02,2.22593527e-02,,4.22335093e-03,3.41432024e-03,3.35343270e-03,4.93340033e-03,-4.85840071e-03,-3.51374185e-03,-1.38086020e-03,-5.49988893e-03,-5.74232893e-03,-5.17872043e-03,-6.71115138e-03,-6.01719613e-03,,3.68383856e-02,2.17966604e-02,3.04765358e-03,2.65576113e-03,-5.45367039e-03,-6.14338087e-03,-7.41842713e-03
-7.60666701e-03,-5.52183601e-03,-3.82267915e-03,-5.20217106e-03,-6.74438185e-03,-6.87734388e-03,-7.19431600e-03,-7.23448355e-03,-8.20257224e-03,-6.31159375e-03,-6.59030747e-03,-6.75883006e-03,-5.81045905e-03,-4.15153139e-03,1.74188825e-03,4.54383051e-03,,7.59625823e-04,-1.11951504e-03,2.21616477e-02,3.52876418e-02,,3.41613279e-03,2.60710210e-03,2.54621456e-03,4.12618219e-03,-5.66561885e-03,-4.32095999e-03,-2.18807834e-03,-6.30710707e-03,-6.54954707e-03,-5.98593857e-03,-7.51836952e-03,-6.82441427e-03,,2.17966604e-02,5.28699495e-02,2.24043544e-03,1.84854299e-03,-6.26088853e-03,-6.95059901e-03,-8.22564527e-03
-6.72439176e-03,-4.63956075e-03,-2.94040389e-03,-4.31989581e-03,-5.86210659e-03,-5.99506863e-03,-6.31204074e-03,-6.35220829e-03,-7.32029699e-03,-5.42931850e-03,-5.70803221e-03,-5.87655481e-03,-4.92818379e-03,-3.26925613e-03,2.62416351e-03,5.42610576e-03,,1.64190108e-03,-2.37239781e-04,3.41264094e-03,2.70312774e-03,,1.30707083e-02,2.13566446e-02,1.78987901e-02,7.09343002e-03,-4.78334360e-03,-3.43868473e-03,-1.30580308e-03,-5.42483181e-03,-5.66727182e-03,-5.10366332e-03,-6.63609427e-03,-5.94213901e-03,,3.04765358e-03,2.24043544e-03,3.52899779e-02,1.72011185e-02,-5.37861327e-03,-6.06832376e-03,-7.34337001e-03
-7.11628420e-03,-5.03145320e-03,-3.33229634e-03,-4.71178825e-03,-6.25399904e-03,-6.38696107e-03,-6.70393319e-03,-6.74410074e-03,-7.71218944e-03,-5.82121095e-03,-6.09992466e-03,-6.26844725e-03,-5.32007624e-03,-3.66114858e-03,2.23227106e-03,5.03421331e-03,,1.25000863e-03,-6.29132228e-04,3.02074849e-03,2.31123530e-03,,1.10110054e-02,1.75677852e-02,2.25609658e-02,7.42975975e-03,-5.17523605e-03,-3.83057718e-03,-1.69769553e-03,-5.81672426e-03,-6.05916426e-03,-5.49555576e-03,-7.02798671e-03,-6.33403146e-03,,2.65576113e-03,1.84854299e-03,1.72011185e-02,4.90724854e-02,-5.77050572e-03,-6.46021620e-03,-7.73526246e-03
3.51528594e-03,9.25372411e-03,2.86806710e-03,-2.25687635e-03,-3.75889900e-03,-3.99986932e-03,-3.91188328e-03,-3.74890477e-03,-1.50045624e-03,-4.47303987e-03,-4.41596983e-03,-4.92027618e-03,-4.30768892e-03,-3.51538166e-03,-3.37806932e-03,-3.07521820e-03,-2.63538105e-04,8.00178214e-04,-5.08868303e-03,-5.79819622e-03,-4.20291592e-03,-5.01194660e-03,-5.07283415e-03,-3.49286652e-03,,1.79707015e-02,6.91222569e-03,3.40450048e-03,4.92607861e-03,,4.68363860e-03,8.78962154e-03,-4.64089496e-03,-4.98586038e-03,-5.45367039e-03,-6.26088853e-03,-5.37861327e-03,-5.77050572e-03,,4.05909491e-02,4.28258666e-03,6.86389209e-04
-3.77862005e-03,4.60745265e-04,-1.90093786e-03,-6.10125971e-03,-7.70719689e-03,-7.91996807e-03,-7.99221106e-03,-7.90961096e-03,-6.98090575e-03,-8.04990181e-03,-8.10376742e-03,-8.49713811e-03,-7.77361520e-03,-6.69499539e-03,-4.82154668e-03,-3.76492869e-03,-2.41683802e-04,-1.00568057e-03,-5.77839351e-03,-6.48790670e-03,-4.89262640e-03,-5.70165709e-03,-5.76254463e-03,-4.18257700e-03,,4.87785634e-03,1.66272006e-02,8.65851561e-03,3.85360870e-02,,4.59085449e-02,-3.35729940e-06,-8.56099371e-03,-8.56272232e-03,-6.14338087e-03,-6.95059901e-03,-6.06832376e-03,-6.46021620e-03,,4.28258666e-03,6.11485186e-02,-5.70078854e-03
2.27476971e-02,3.92292655e-03,5.95929615e-04,8.41058593e-04,,2.75596837e-03,2.61308910e-03,4.34798841e-03,5.33713613e-03,,2.24065281e-02,4.22191150e-04,1.03443828e-03,-2.50451571e-05,,3.23650102e-05,-6.08177822e-04,-3.86794045e-03,-5.03997494e-03,-3.62060421e-03,-2.14298756e-03,-7.05343977e-03,-7.76295296e-03,-6.16767266e-03,-6.97670335e-03,-7.03759089e-03,-5.45762326e-03,,1.28165888e-03,-3.07114951e-03,-3.52932035e-03,-5.05729659e-03,-5.29973660e-03,3.45882398e-03,1.97206345e-03,-9.06293626e-05,-7.41842713e-03,-8.22564527e-03,-7.34337001e-03,-7.73526246e-03,,6.86389209e-04,-5.70078854e-03,3.47760869e-02