0.10159104,-0.03955934,-0.03957958,0.05039104,0.01451888,-0.03306847,-0.0375356,-0.0326149,0.01585694
-0.03955934,0.10146739,-0.02425666,-0.03315934,-0.03471069,-0.01774555,0.01465622,0.04591183,-0.01260385
-0.03957958,-0.02425666,0.1026502,-0.03317958,-0.01101329,0.05056131,0.00623672,-0.01731221,-0.0341069
0.05039104,-0.03315934,-0.03317958,0.05679104,0.02091888,-0.02666847,-0.0311356,-0.0262149,0.02225694
0.01451888,-0.03471069,-0.01101329,0.02091888,0.06730891,-0.00450218,-0.02280459,-0.02776625,-0.00194966
-0.03306847,-0.01774555,0.05056131,-0.02666847,-0.00450218,0.05707242,0.01274783,-0.0108011,-0.02759578
-0.0375356,0.01465622,0.00623672,-0.0311356,-0.02280459,0.01274783,0.05576563,0.02160066,-0.01953127
-0.0326149,0.04591183,-0.01731221,-0.0262149,-0.02776625,-0.0108011,0.02160066,0.05285627,-0.0056594
0.01585694,-0.01260385,-0.0341069,0.02225694,-0.00194966,-0.02759578,-0.01953127,-0.0056594,0.06333297