0.101591036898	-0.0395593446304	-0.0395795831776	0.0503910368983	0.014518876528	-0.0330684720665	-0.0375355950025	-0.032614900186	0.0158569447383	
-0.0395593446304	0.101467385979	-0.0242566573369	-0.0331593446304	-0.0347106921086	-0.0177455462258	0.0146562169536	0.0459118304239	-0.0126038484248	
-0.0395795831776	-0.0242566573369	0.102650198752	-0.0331795831776	-0.011013291458	0.0505613098636	0.00623671505631	-0.0173122128924	-0.0341068956297	
0.0503910368983	-0.0331593446304	-0.0331795831776	0.0567910368983	0.020918876528	-0.0266684720665	-0.0311355950025	-0.026214900186	0.0222569447383	
0.014518876528	-0.0347106921086	-0.011013291458	0.020918876528	0.0673089120384	-0.00450218034691	-0.0228045928149	-0.0277662476642	-0.00194966070172	
-0.0330684720665	-0.0177455462258	0.0505613098636	-0.0266684720665	-0.00450218034691	0.0570724209747	0.0127478261674	-0.0108011017813	-0.0275957845186	
-0.0375355950025	0.0146562169536	0.00623671505631	-0.0311355950025	-0.0228045928149	0.0127478261674	0.0557656323153	0.021600661398	-0.0195312690709	
-0.032614900186	0.0459118304239	-0.0173122128924	-0.026214900186	-0.0277662476642	-0.0108011017813	0.021600661398	0.0528562748683	-0.00565940398036	
0.0158569447383	-0.0126038484248	-0.0341068956297	0.0222569447383	-0.00194966070172	-0.0275957845186	-0.0195312690709	-0.00565940398036	0.0633329728496	
