276.806052262	276.786052262	276.699385595	276.644985595	276.536718928	276.439576071	269.130852262	254.17974115	253.60054115	253.153329029	253.179995696	254.03734115	243.21974115	253.281995696	241.216217341	241.037755802	241.021931627	239.66774115	239.247474484	239.047474484	236.524274484	236.282392131	233.446627425	233.174182981	230.562416899	229.040416899	228.399654994	229.57546953	228.47046953	227.73190953	228.367689626	227.966504441	228.047307168	242.513074484	196.668709911	194.875606463	194.618539796	194.03507313	193.712492485	189.394827558	188.9297953	185.124077558	184.627827558	181.179827558	180.542736649	179.982514427	179.0381805	178.477315635	176.912342662	175.277675995	174.185784103	91.2518159556	51.5328415966	12.3420415966	11.3550942282	10.7148991063	-26.9825584034	-28.2640822129	-28.9522640311	-66.3539869748	-67.4721265097	-69.8748758637	-72.7555715159	-74.9640821542	-76.4374154875	-77.1900685487	-190.812760308	-193.532760308	-195.837250104	-197.405570104	-198.190197555	-207.812760308	-210.261221847	-211.957518143	-212.745221847	-225.287930119	-232.377263453	-239.293834881	-240.173977738	-244.670676987	-248.705062952	-250.4981664	-251.36555623	-250.350580193	-251.247800532	-234.793530119	-243.765733509	-244.647903001	-251.318800176	-252.263324766	-257.079587061	-258.04010319	-260.98410319	-261.994272682	-263.00035319	-264.025533518	-205.987617451	-208.778509759	-211.850878989	-213.488939595	-243.955575893	-246.937394074	-249.017636499	-250.073755902	-254.900411713	-256.98252936	-257.812906172	-261.36533925	-267.894034902	-271.023177759	-272.143290435	-272.943177759	-275.215399981	-276.351838337	216.859845047	274.560718928	166.584935956	-130.423320308	-225.714017451	273.327818928	-68.7202277755	-262.469453535	-214.307969899	173.577567887	227.31558953	
276.786052262	279.266052262	276.679385595	276.624985595	276.516718928	276.419576071	269.110852262	254.15974115	253.58054115	253.133329029	253.159995696	254.01734115	243.19974115	253.261995696	241.196217341	241.017755802	241.001931627	239.64774115	239.227474484	239.027474484	236.504274484	236.262392131	233.426627425	233.154182981	230.542416899	229.020416899	228.379654994	229.55546953	228.45046953	227.71190953	228.347689626	227.946504441	228.027307168	242.493074484	196.648709911	194.855606463	194.598539796	194.01507313	193.692492485	189.374827558	188.9097953	185.104077558	184.607827558	181.159827558	180.522736649	179.962514427	179.0181805	178.457315635	176.892342662	175.257675995	174.165784103	91.2318159556	51.5128415966	12.3220415966	11.3350942282	10.6948991063	-27.0025584034	-28.2840822129	-28.9722640311	-66.3739869748	-67.4921265097	-69.8948758637	-72.7755715159	-74.9840821542	-76.4574154875	-77.2100685487	-190.832760308	-193.552760308	-195.857250104	-197.425570104	-198.210197555	-207.832760308	-210.281221847	-211.977518143	-212.765221847	-225.307930119	-232.397263453	-239.313834881	-240.193977738	-244.690676987	-248.725062952	-250.5181664	-251.38555623	-250.370580193	-251.267800532	-234.813530119	-243.785733509	-244.667903001	-251.338800176	-252.283324766	-257.099587061	-258.06010319	-261.00410319	-262.014272682	-263.02035319	-264.045533518	-206.007617451	-208.798509759	-211.870878989	-213.508939595	-243.975575893	-246.957394074	-249.037636499	-250.093755902	-254.920411713	-257.00252936	-257.832906172	-261.38533925	-267.914034902	-271.043177759	-272.163290435	-272.963177759	-275.235399981	-276.371838337	216.839845047	274.540718928	166.564935956	-130.443320308	-225.734017451	273.307818928	-68.7402277755	-262.489453535	-214.327969899	173.557567887	227.29558953	
276.699385595	276.679385595	279.926052262	279.871652262	279.763385595	279.666242738	269.024185595	254.073074484	253.493874484	253.046662363	253.073329029	253.930674484	243.113074484	253.175329029	241.109550674	240.931089136	240.91526496	239.561074484	239.140807817	238.940807817	236.417607817	236.175725464	233.339960758	233.067516314	230.455750232	228.933750232	228.292988327	229.468802864	228.363802864	227.625242864	228.261022959	227.859837774	227.940640501	242.406407817	196.562043245	194.768939796	194.51187313	193.928406463	193.605825818	189.288160892	188.823128634	185.017410892	184.521160892	181.073160892	180.436069983	179.87584776	178.931513833	178.370648968	176.805675995	175.171009328	174.079117437	91.145149289	51.42617493	12.23537493	11.2484275616	10.6082324396	-27.08922507	-28.3707488795	-29.0589306977	-66.4606536415	-67.5787931763	-69.9815425303	-72.8622381825	-75.0707488208	-76.5440821542	-77.2967352154	-190.919426975	-193.639426975	-195.943916771	-197.512236771	-198.296864222	-207.919426975	-210.367888513	-212.06418481	-212.851888513	-225.394596786	-232.483930119	-239.400501548	-240.280644405	-244.777343653	-248.811729618	-250.604833066	-251.472222897	-250.45724686	-251.354467199	-234.900196786	-243.872400176	-244.754569667	-251.425466843	-252.369991433	-257.186253728	-258.146769857	-261.090769857	-262.100939348	-263.107019857	-264.132200185	-206.094284118	-208.885176425	-211.957545656	-213.595606262	-244.062242559	-247.044060741	-249.124303165	-250.180422568	-255.00707838	-257.089196027	-257.919572839	-261.472005916	-268.000701568	-271.129844426	-272.249957102	-273.049844426	-275.322066648	-276.458505004	216.75317838	274.454052262	166.478269289	-130.529986975	-225.820684118	273.221152262	-68.8268944422	-262.576120202	-214.414636565	173.47090122	227.208922864	
276.644985595	276.624985595	279.871652262	286.617252262	279.708985595	279.611842738	268.969785595	254.018674484	253.439474484	252.992262363	253.018929029	253.876274484	243.058674484	253.120929029	241.055150674	240.876689136	240.86086496	239.506674484	239.086407817	238.886407817	236.363207817	236.121325464	233.285560758	233.013116314	230.401350232	228.879350232	228.238588327	229.414402864	228.309402864	227.570842864	228.206622959	227.805437774	227.886240501	242.352007817	196.507643245	194.714539796	194.45747313	193.874006463	193.551425818	189.233760892	188.768728634	184.963010892	184.466760892	181.018760892	180.381669983	179.82144776	178.877113833	178.316248968	176.751275995	175.116609328	174.024717437	91.090749289	51.37177493	12.18097493	11.1940275616	10.5538324396	-27.14362507	-28.4251488795	-29.1133306977	-66.5150536415	-67.6331931763	-70.0359425303	-72.9166381825	-75.1251488208	-76.5984821542	-77.3511352154	-190.973826975	-193.693826975	-195.998316771	-197.566636771	-198.351264222	-207.973826975	-210.422288513	-212.11858481	-212.906288513	-225.448996786	-232.538330119	-239.454901548	-240.335044405	-244.831743653	-248.866129618	-250.659233066	-251.526622897	-250.51164686	-251.408867199	-234.954596786	-243.926800176	-244.808969667	-251.479866843	-252.424391433	-257.240653728	-258.201169857	-261.145169857	-262.155339348	-263.161419857	-264.186600185	-206.148684118	-208.939576425	-212.011945656	-213.650006262	-244.116642559	-247.098460741	-249.178703165	-250.234822568	-255.06147838	-257.143596027	-257.973972839	-261.526405916	-268.055101568	-271.184244426	-272.304357102	-273.104244426	-275.376466648	-276.512905004	216.69877838	274.399652262	166.423869289	-130.584386975	-225.875084118	273.166752262	-68.8812944422	-262.630520202	-214.469036565	173.41650122	227.154522864	
276.536718928	276.516718928	279.763385595	279.708985595	289.767385595	289.670242738	268.861518928	253.910407817	253.331207817	252.883995696	252.910662363	253.768007817	242.950407817	253.012662363	240.946884008	240.768422469	240.752598293	239.398407817	238.97814115	238.77814115	236.25494115	236.013058797	233.177294092	232.904849647	230.293083565	228.771083565	228.130321661	229.306136197	228.201136197	227.462576197	228.098356293	227.697171107	227.777973834	242.24374115	196.399376578	194.60627313	194.349206463	193.765739796	193.443159151	189.125494225	188.660461967	184.854744225	184.358494225	180.910494225	180.273403316	179.713181094	178.768847166	178.207982301	176.643009328	175.008342662	173.91645077	90.9824826223	51.2635082633	12.0727082633	11.0857608949	10.4455657729	-27.2518917367	-28.5334155462	-29.2215973644	-66.6233203081	-67.741459843	-70.144209197	-73.0249048492	-75.2334154875	-76.7067488208	-77.459401882	-191.082093641	-193.802093641	-196.106583437	-197.674903437	-198.459530888	-208.082093641	-210.53055518	-212.226851476	-213.01455518	-225.557263453	-232.646596786	-239.563168215	-240.443311072	-244.94001032	-248.974396285	-250.767499733	-251.634889564	-250.619913526	-251.517133865	-235.062863453	-244.035066843	-244.917236334	-251.588133509	-252.532658099	-257.348920395	-258.309436524	-261.253436524	-262.263606015	-263.269686524	-264.294866851	-206.256950784	-209.047843092	-212.120212323	-213.758272929	-244.224909226	-247.206727408	-249.286969832	-250.343089235	-255.169745047	-257.251862694	-258.082239505	-261.634672583	-268.163368235	-271.292511092	-272.412623768	-273.212511092	-275.484733315	-276.621171671	216.590511713	274.291385595	166.315602622	-130.692653641	-225.983350784	273.058485595	-68.9895611088	-262.738786869	-214.577303232	173.308234554	227.046256197	
276.439576071	276.419576071	279.666242738	279.611842738	289.670242738	301.715957023	268.764376071	253.81326496	253.23406496	252.786852839	252.813519505	253.67086496	242.85326496	252.915519505	240.84974115	240.671279612	240.655455436	239.30126496	238.880998293	238.680998293	236.157798293	235.91591594	233.080151234	232.80770679	230.195940708	228.673940708	228.033178803	229.20899334	228.10399334	227.36543334	228.001213435	227.60002825	227.680830977	242.146598293	196.302233721	194.509130273	194.252063606	193.668596939	193.346016294	189.028351368	188.56331911	184.757601368	184.261351368	180.813351368	180.176260459	179.616038237	178.671704309	178.110839444	176.545866471	174.911199805	173.819307913	90.8853397651	51.1663654062	11.9755654062	10.9886180377	10.3484229158	-27.3490345938	-28.6305584034	-29.3187402215	-66.7204631653	-67.8386027001	-70.2413520542	-73.1220477063	-75.3305583446	-76.803891678	-77.5565447392	-191.179236499	-193.899236499	-196.203726295	-197.772046295	-198.556673745	-208.179236499	-210.627698037	-212.323994333	-213.111698037	-225.65440631	-232.743739643	-239.660311072	-240.540453929	-245.037153177	-249.071539142	-250.86464259	-251.732032421	-250.717056383	-251.614276722	-235.16000631	-244.1322097	-245.014379191	-251.685276366	-252.629800957	-257.446063252	-258.406579381	-261.350579381	-262.360748872	-263.366829381	-264.392009709	-206.354093641	-209.144985949	-212.21735518	-213.855415786	-244.322052083	-247.303870265	-249.384112689	-250.440232092	-255.266887904	-257.349005551	-258.179382363	-261.73181544	-268.260511092	-271.389653949	-272.509766626	-273.309653949	-275.581876172	-276.718314528	216.493368856	274.194242738	166.218459765	-130.789796499	-226.080493641	272.961342738	-69.086703966	-262.835929726	-214.674446089	173.211091697	226.94911334	
269.130852262	269.110852262	269.024185595	268.969785595	268.861518928	268.764376071	269.655652262	254.70454115	254.12534115	253.678129029	253.704795696	254.56214115	243.74454115	253.806795696	241.741017341	241.562555802	241.546731627	240.19254115	239.772274484	239.572274484	237.049074484	236.807192131	233.971427425	233.69898298	231.087216899	229.565216899	228.924454994	230.10026953	228.99526953	228.25670953	228.892489626	228.491304441	228.572107168	243.037874484	197.193509911	195.400406463	195.143339796	194.55987313	194.237292485	189.919627558	189.4545953	185.648877558	185.152627558	181.704627558	181.067536649	180.507314427	179.5629805	179.002115635	177.437142662	175.802475995	174.710584103	91.7766159556	52.0576415966	12.8668415966	11.8798942282	11.2396991063	-26.4577584034	-27.7392822129	-28.4274640311	-65.8291869748	-66.9473265097	-69.3500758637	-72.2307715159	-74.4392821542	-75.9126154875	-76.6652685487	-190.287960308	-193.007960308	-195.312450104	-196.880770104	-197.665397555	-207.287960308	-209.736421847	-211.432718143	-212.220421847	-224.763130119	-231.852463453	-238.769034881	-239.649177738	-244.145876987	-248.180262952	-249.9733664	-250.84075623	-249.825780193	-250.723000532	-234.268730119	-243.240933509	-244.123103001	-250.794000176	-251.738524766	-256.554787061	-257.51530319	-260.45930319	-261.469472682	-262.47555319	-263.500733518	-205.462817451	-208.253709759	-211.326078989	-212.964139595	-243.430775893	-246.412594074	-248.492836499	-249.548955902	-254.375611713	-256.45772936	-257.288106172	-260.84053925	-267.369234902	-270.498377759	-271.618490435	-272.418377759	-274.690599981	-275.827038337	217.384645047	266.885518928	167.109735956	-129.898520308	-225.189217451	265.652618928	-68.1954277755	-261.944653535	-213.783169899	174.102367887	227.84038953	
254.17974115	254.15974115	254.073074484	254.018674484	253.910407817	253.81326496	254.70454115	255.86454115	255.28534115	254.838129029	254.864795696	255.72214115	244.90454115	254.966795696	242.901017341	242.722555802	242.706731627	241.35254115	240.932274484	240.732274484	238.209074484	237.967192131	235.131427425	234.85898298	232.247216899	230.725216899	230.084454994	231.26026953	230.15526953	229.41670953	230.052489626	229.651304441	229.732107168	244.197874484	198.353509911	196.560406463	196.303339796	195.71987313	195.397292485	191.079627558	190.6145953	186.808877558	186.312627558	182.864627558	182.227536649	181.667314427	180.7229805	180.162115635	178.597142662	176.962475995	175.870584103	92.9366159556	53.2176415966	14.0268415966	13.0398942282	12.3996991063	-25.2977584034	-26.5792822129	-27.2674640311	-64.6691869748	-65.7873265097	-68.1900758637	-71.0707715159	-73.2792821542	-74.7526154875	-75.5052685487	-189.127960308	-191.847960308	-194.152450104	-195.720770104	-196.505397555	-206.127960308	-208.576421847	-210.272718143	-211.060421847	-223.603130119	-230.692463453	-237.609034881	-238.489177738	-242.985876987	-247.020262952	-248.8133664	-249.68075623	-248.665780193	-249.563000532	-233.108730119	-242.080933509	-242.963103001	-249.634000176	-250.578524766	-255.394787061	-256.35530319	-259.29930319	-260.309472682	-261.31555319	-262.340733518	-204.302817451	-207.093709759	-210.166078989	-211.804139596	-242.270775893	-245.252594074	-247.332836499	-248.388955902	-253.215611713	-255.29772936	-256.128106172	-259.68053925	-266.209234902	-269.338377759	-270.458490435	-271.258377759	-273.530599981	-274.667038337	218.544645047	251.934407817	168.269735956	-128.738520308	-224.029217451	250.701507817	-67.0354277755	-260.784653535	-212.623169899	175.262367887	229.00038953	
253.60054115	253.58054115	253.493874484	253.439474484	253.331207817	253.23406496	254.12534115	255.28534115	272.80614115	272.358929029	272.385595696	255.14294115	244.32534115	272.487595696	242.321817341	242.143355802	242.127531627	240.77334115	240.353074484	240.153074484	237.629874484	237.387992131	234.552227425	234.27978298	231.668016899	230.146016899	229.505254994	230.68106953	229.57606953	228.83750953	229.473289626	229.072104441	229.152907168	243.618674484	197.774309911	195.981206463	195.724139796	195.14067313	194.818092485	190.500427558	190.0353953	186.229677558	185.733427558	182.285427558	181.648336649	181.088114427	180.1437805	179.582915635	178.017942662	176.383275995	175.291384103	92.3574159556	52.6384415966	13.4476415966	12.4606942282	11.8204991063	-25.8769584034	-27.1584822129	-27.8466640311	-65.2483869748	-66.3665265097	-68.7692758637	-71.6499715159	-73.8584821542	-75.3318154875	-76.0844685487	-189.707160308	-192.427160308	-194.731650104	-196.299970104	-197.084597555	-206.707160308	-209.155621847	-210.851918143	-211.639621847	-224.182330119	-231.271663453	-238.188234881	-239.068377738	-243.565076987	-247.599462952	-249.3925664	-250.25995623	-249.244980193	-250.142200532	-233.687930119	-242.660133509	-243.542303001	-250.213200176	-251.157724766	-255.973987061	-256.93450319	-259.87850319	-260.888672682	-261.89475319	-262.919933518	-204.882017451	-207.672909759	-210.745278989	-212.383339595	-242.849975893	-245.831794074	-247.912036499	-248.968155902	-253.794811713	-255.87692936	-256.707306172	-260.25973925	-266.788434902	-269.917577759	-271.037690435	-271.837577759	-274.109799981	-275.246238337	217.965445047	251.355207817	167.690535956	-129.317720308	-224.608417451	250.122307817	-67.6146277755	-261.363853535	-213.202369899	174.683167887	228.42118953	
253.153329029	253.133329029	253.046662363	252.992262363	252.883995696	252.786852839	253.678129029	254.838129029	272.358929029	301.267777514	285.211110847	254.695729029	243.878129029	285.313110847	241.87460522	241.696143681	241.680319505	240.326129029	239.905862363	239.705862363	237.182662363	236.94078001	234.105015304	233.832570859	231.220804777	229.698804777	229.058042873	230.233857409	229.128857409	228.390297409	229.026077505	228.624892319	228.705695047	243.171462363	197.32709779	195.533994342	195.276927675	194.693461009	194.370880363	190.053215437	189.588183179	185.782465437	185.286215437	181.838215437	181.201124528	180.640902306	179.696568378	179.135703514	177.570730541	175.936063874	174.844171982	91.9102038344	52.1912294754	13.0004294754	12.013482107	11.3732869851	-26.3241705246	-27.6056943341	-28.2938761523	-65.695599096	-66.8137386309	-69.2164879849	-72.0971836371	-74.3056942754	-75.7790276087	-76.5316806699	-190.154372429	-192.874372429	-195.178862225	-196.747182225	-197.531809676	-207.154372429	-209.602833968	-211.299130264	-212.086833968	-224.629542241	-231.718875574	-238.635447003	-239.51558986	-244.012289108	-248.046675073	-249.839778521	-250.707168352	-249.692192314	-250.589412653	-234.135142241	-243.10734563	-243.989515122	-250.660412297	-251.604936887	-256.421199182	-257.381715311	-260.325715311	-261.335884803	-262.341965311	-263.367145639	-205.329229572	-208.12012188	-211.192491111	-212.830551717	-243.297188014	-246.279006196	-248.35924862	-249.415368023	-254.242023835	-256.324141482	-257.154518293	-260.706951371	-267.235647023	-270.36478988	-271.484902556	-272.28478988	-274.557012102	-275.693450459	217.518232925	250.907995696	167.243323834	-129.764932429	-225.055629572	249.675095696	-68.0618398967	-261.811065657	-213.64958202	174.235955766	227.973977409	
253.179995696	253.159995696	253.073329029	253.018929029	252.910662363	252.813519505	253.704795696	254.864795696	272.385595696	285.211110847	297.987777514	254.722395696	243.904795696	285.339777514	241.901271886	241.722810348	241.706986172	240.352795696	239.932529029	239.732529029	237.209329029	236.967446676	234.13168197	233.859237526	231.247471444	229.725471444	229.084709539	230.260524076	229.155524076	228.416964076	229.052744171	228.651558986	228.732361713	243.198129029	197.353764457	195.560661009	195.303594342	194.720127675	194.39754703	190.079882104	189.614849846	185.809132104	185.312882104	181.864882104	181.227791195	180.667568973	179.723235045	179.16237018	177.597397207	175.962730541	174.870838649	91.9368705011	52.2178961421	13.0270961421	12.0401487737	11.3999536517	-26.2975038579	-27.5790276674	-28.2672094856	-65.6689324293	-66.7870719642	-69.1898213182	-72.0705169704	-74.2790276087	-75.752360942	-76.5050140033	-190.127705763	-192.847705763	-195.152195559	-196.720515559	-197.50514301	-207.127705763	-209.576167301	-211.272463597	-212.060167301	-224.602875574	-231.692208907	-238.608780336	-239.488923193	-243.985622441	-248.020008406	-249.813111854	-250.680501685	-249.665525647	-250.562745986	-234.108475574	-243.080678964	-243.962848455	-250.63374563	-251.578270221	-256.394532516	-257.355048645	-260.299048645	-261.309218136	-262.315298645	-263.340478973	-205.302562906	-208.093455213	-211.165824444	-212.80388505	-243.270521347	-246.252339529	-248.332581953	-249.388701356	-254.215357168	-256.297474815	-257.127851627	-260.680284704	-267.208980356	-270.338123214	-271.45823589	-272.258123214	-274.530345436	-275.666783792	217.544899592	250.934662363	167.269990501	-129.738265763	-225.028962906	249.701762363	-68.03517323	-261.78439899	-213.622915353	174.262622432	228.000644076	
254.03734115	254.01734115	253.930674484	253.876274484	253.768007817	253.67086496	254.56214115	255.72214115	255.14294115	254.695729029	254.722395696	273.37974115	244.76214115	254.824395696	242.758617341	242.580155802	242.564331627	241.21014115	240.789874484	240.589874484	238.066674484	237.824792131	234.989027425	234.71658298	232.104816899	230.582816899	229.942054994	231.11786953	230.01286953	229.27430953	229.910089626	229.508904441	229.589707168	244.055474484	198.211109911	196.418006463	196.160939796	195.57747313	195.254892485	190.937227558	190.4721953	186.666477558	186.170227558	182.722227558	182.085136649	181.524914427	180.5805805	180.019715635	178.454742662	176.820075995	175.728184103	92.7942159556	53.0752415966	13.8844415966	12.8974942282	12.2572991063	-25.4401584034	-26.7216822129	-27.4098640311	-64.8115869748	-65.9297265097	-68.3324758637	-71.2131715159	-73.4216821542	-74.8950154875	-75.6476685487	-189.270360308	-191.990360308	-194.294850104	-195.863170104	-196.647797555	-206.270360308	-208.718821847	-210.415118143	-211.202821847	-223.745530119	-230.834863453	-237.751434881	-238.631577738	-243.128276987	-247.162662952	-248.9557664	-249.82315623	-248.808180193	-249.705400532	-233.251130119	-242.223333509	-243.105503001	-249.776400176	-250.720924766	-255.537187061	-256.49770319	-259.44170319	-260.451872682	-261.45795319	-262.483133518	-204.445217451	-207.236109759	-210.308478989	-211.946539596	-242.413175893	-245.394994074	-247.475236499	-248.531355902	-253.358011713	-255.44012936	-256.270506172	-259.82293925	-266.351634902	-269.480777759	-270.600890435	-271.400777759	-273.672999981	-274.809438337	218.402245047	251.792007817	168.127335956	-128.880920308	-224.171617451	250.559107817	-67.1778277755	-260.927053535	-212.765569899	175.119967887	228.85798953	
243.21974115	243.19974115	243.113074484	243.058674484	242.950407817	242.85326496	243.74454115	244.90454115	244.32534115	243.878129029	243.904795696	244.76214115	246.399086605	244.006795696	244.395562795	244.217101257	244.201277081	242.847086605	242.426819938	242.226819938	239.703619938	239.461737585	236.625972879	236.353528435	233.741762353	232.219762353	231.579000448	232.754814985	231.649814985	230.911254985	231.54703508	231.145849895	231.226652622	245.692419938	199.848055366	198.054951918	197.797885251	197.214418584	196.891837939	192.574173013	192.109140755	188.303423013	187.807173013	184.359173013	183.722082104	183.161859882	182.217525954	181.656661089	180.091688116	178.45702145	177.365129558	94.4311614101	54.7121870512	15.5213870512	14.5344396827	13.8942445608	-23.8032129488	-25.0847367584	-25.7729185765	-63.1746415203	-64.2927810551	-66.6955304091	-69.5762260613	-71.7847366996	-73.258070033	-74.0107230942	-187.633414854	-190.353414854	-192.65790465	-194.22622465	-195.0108521	-204.633414854	-207.081876392	-208.778172688	-209.565876392	-222.108584665	-229.197917998	-236.114489427	-236.994632284	-241.491331532	-245.525717497	-247.318820945	-248.186210776	-247.171234738	-248.068455077	-231.614184665	-240.586388055	-241.468557546	-248.139454721	-249.083979312	-253.900241607	-254.860757736	-257.804757736	-258.814927227	-259.821007736	-260.846188064	-202.808271996	-205.599164304	-208.671533535	-210.309594141	-240.776230438	-243.75804862	-245.838291044	-246.894410447	-251.721066259	-253.803183906	-254.633560718	-258.185993795	-264.714689447	-267.843832304	-268.96394498	-269.763832304	-272.036054527	-273.172492883	220.039190501	240.974407817	169.76428141	-127.243974854	-222.534671996	239.741507817	-65.540882321	-259.290108081	-211.128624444	176.756913342	230.494934985	
253.281995696	253.261995696	253.175329029	253.120929029	253.012662363	252.915519505	253.806795696	254.966795696	272.487595696	285.313110847	285.339777514	254.824395696	244.006795696	285.441777514	242.003271886	241.824810348	241.808986172	240.454795696	240.034529029	239.834529029	237.311329029	237.069446676	234.23368197	233.961237526	231.349471444	229.827471444	229.186709539	230.362524076	229.257524076	228.518964076	229.154744171	228.753558986	228.834361713	243.300129029	197.455764457	195.662661009	195.405594342	194.822127675	194.49954703	190.181882104	189.716849846	185.911132104	185.414882104	181.966882104	181.329791195	180.769568973	179.825235045	179.26437018	177.699397207	176.064730541	174.972838649	92.0388705011	52.3198961421	13.1290961421	12.1421487737	11.5019536517	-26.1955038579	-27.4770276674	-28.1652094856	-65.5669324293	-66.6850719642	-69.0878213182	-71.9685169704	-74.1770276087	-75.650360942	-76.4030140033	-190.025705763	-192.745705763	-195.050195559	-196.618515559	-197.40314301	-207.025705763	-209.474167301	-211.170463597	-211.958167301	-224.500875574	-231.590208907	-238.506780336	-239.386923193	-243.883622441	-247.918008406	-249.711111854	-250.578501685	-249.563525647	-250.460745986	-234.006475574	-242.978678964	-243.860848455	-250.53174563	-251.476270221	-256.292532516	-257.253048645	-260.197048645	-261.207218136	-262.213298645	-263.238478973	-205.200562906	-207.991455213	-211.063824444	-212.70188505	-243.168521347	-246.150339529	-248.230581953	-249.286701356	-254.113357168	-256.195474815	-257.025851627	-260.578284704	-267.106980356	-270.236123214	-271.35623589	-272.156123214	-274.428345436	-275.564783792	217.646899592	251.036662363	167.371990501	-129.636265763	-224.926962906	249.803762363	-67.93317323	-261.68239899	-213.520915353	174.364622432	228.102644076	
241.216217341	241.196217341	241.109550674	241.055150674	240.946884008	240.84974115	241.741017341	242.901017341	242.321817341	241.87460522	241.901271886	242.758617341	244.395562795	242.003271886	318.511086605	318.332625067	318.316800891	240.843562795	240.423296129	240.223296129	237.700096129	237.458213776	234.62244907	234.350004626	231.738238544	230.216238544	229.575476639	230.751291175	229.646291175	228.907731175	229.543511271	229.142326086	229.223128813	265.772229462	197.844531556	196.051428108	195.794361441	195.210894775	194.88831413	190.570649203	190.105616945	186.299899203	185.803649203	182.355649203	181.718558294	181.158336072	180.214002145	179.65313728	178.088164307	176.45349764	175.361605748	92.4276376006	52.7086632417	13.5178632417	12.5309158732	11.8907207513	-25.8067367583	-27.0882605679	-27.776442386	-65.1781653298	-66.2963048647	-68.6990542187	-71.5797498708	-73.7882605091	-75.2615938425	-76.0142469037	-189.636938663	-192.356938663	-194.661428459	-196.229748459	-197.01437591	-206.636938663	-209.085400202	-210.781696498	-211.569400202	-224.112108474	-231.201441808	-238.118013236	-238.998156093	-243.494855342	-247.529241306	-249.322344755	-250.189734585	-249.174758548	-250.071978887	-233.617708474	-242.589911864	-243.472081356	-250.142978531	-251.087503121	-255.903765416	-256.864281545	-259.808281545	-260.818451037	-261.824531545	-262.849711873	-204.811795806	-207.602688114	-210.675057344	-212.31311795	-242.779754248	-245.761572429	-247.841814854	-248.897934257	-253.724590068	-255.806707715	-256.637084527	-260.189517605	-266.718213257	-269.847356114	-270.96746879	-271.767356114	-274.039578336	-275.176016692	218.035666692	238.970884008	167.760757601	-129.247498663	-224.538195806	237.737984008	-67.5444061305	-261.29363189	-213.132148254	174.753389532	228.491411175	
241.037755802	241.017755802	240.931089136	240.876689136	240.768422469	240.671279612	241.562555802	242.722555802	242.143355802	241.696143681	241.722810348	242.580155802	244.217101257	241.824810348	318.332625067	340.461855836	318.138339352	240.665101257	240.24483459	240.04483459	237.52163459	237.279752237	234.443987531	234.171543087	231.559777005	230.037777005	229.3970151	230.572829637	229.467829637	228.729269637	229.365049732	228.963864547	229.044667274	265.593767924	197.666070018	195.87296657	195.615899903	195.032433236	194.709852591	190.392187665	189.927155407	186.121437665	185.625187665	182.177187665	181.540096756	180.979874534	180.035540606	179.474675741	177.909702768	176.275036102	175.18314421	92.2491760622	52.5302017032	13.3394017032	12.3524543348	11.7122592128	-25.9851982968	-27.2667221063	-27.9549039245	-65.3566268682	-66.4747664031	-68.8775157571	-71.7582114093	-73.9667220476	-75.4400553809	-76.1927084422	-189.815400202	-192.535400202	-194.839889997	-196.408209997	-197.192837448	-206.815400202	-209.26386174	-210.960158036	-211.74786174	-224.290570013	-231.379903346	-238.296474775	-239.176617632	-243.67331688	-247.707702845	-249.500806293	-250.368196124	-249.353220086	-250.250440425	-233.796170013	-242.768373403	-243.650542894	-250.321440069	-251.26596466	-256.082226955	-257.042743084	-259.986743084	-260.996912575	-262.002993084	-263.028173412	-204.990257344	-207.781149652	-210.853518883	-212.491579489	-242.958215786	-245.940033968	-248.020276392	-249.076395795	-253.903051607	-255.985169254	-256.815546066	-260.367979143	-266.896674795	-270.025817652	-271.145930328	-271.945817652	-274.218039875	-275.354478231	217.857205153	238.792422469	167.582296062	-129.425960202	-224.716657344	237.559522469	-67.7228676689	-261.472093429	-213.310609792	174.574927994	228.312949637	
241.021931627	241.001931627	240.91526496	240.86086496	240.752598293	240.655455436	241.546731627	242.706731627	242.127531627	241.680319505	241.706986172	242.564331627	244.201277081	241.808986172	318.316800891	318.138339352	342.408229462	240.649277081	240.229010414	240.029010414	237.505810414	237.263928062	234.428163356	234.155718911	231.543952829	230.021952829	229.381190925	230.557005461	229.452005461	228.713445461	229.349225557	228.948040371	229.028843099	265.577943748	197.650245842	195.857142394	195.600075727	195.01660906	194.694028415	190.376363489	189.911331231	186.105613489	185.609363489	182.161363489	181.52427258	180.964050358	180.01971643	179.458851565	177.893878592	176.259211926	175.167320034	92.2333518863	52.5143775274	13.3235775274	12.336630159	11.696435037	-26.0010224726	-27.2825462822	-27.9707281003	-65.3724510441	-66.4905905789	-68.8933399329	-71.7740355851	-73.9825462234	-75.4558795568	-76.208532618	-189.831224377	-192.551224377	-194.855714173	-196.424034173	-197.208661624	-206.831224377	-209.279685916	-210.975982212	-211.763685916	-224.306394189	-231.395727522	-238.312298951	-239.192441808	-243.689141056	-247.723527021	-249.516630469	-250.3840203	-249.369044262	-250.266264601	-233.811994189	-242.784197579	-243.66636707	-250.337264245	-251.281788835	-256.09805113	-257.058567259	-260.002567259	-261.012736751	-262.018817259	-263.043997587	-205.00608152	-207.796973828	-210.869343059	-212.507403665	-242.974039962	-245.955858144	-248.036100568	-249.092219971	-253.918875783	-256.00099343	-256.831370241	-260.383803319	-266.912498971	-270.041641828	-271.161754504	-271.961641828	-274.23386405	-275.370302407	217.841380977	238.776598293	167.566471886	-129.441784377	-224.73248152	237.543698293	-67.7386918448	-261.487917605	-213.326433968	174.559103818	228.297125461	
239.66774115	239.64774115	239.561074484	239.506674484	239.398407817	239.30126496	240.19254115	241.35254115	240.77334115	240.326129029	240.352795696	241.21014115	242.847086605	240.454795696	240.843562795	240.665101257	240.649277081	251.628419938	251.208153272	251.008153272	248.484953272	248.243070919	245.407306213	245.134861768	242.523095686	241.001095686	240.360333782	241.536148318	240.431148318	239.692588318	240.328368414	239.927183229	240.007985956	242.140419938	208.629388699	206.836285251	206.579218584	205.995751918	205.673171272	201.355506346	200.890474088	197.084756346	196.588506346	193.140506346	192.503415437	191.943193215	190.998859287	190.437994423	188.87302145	187.238354783	186.146462891	90.8791614102	51.1601870512	11.9693870512	10.9824396828	10.3422445608	-27.3552129488	-28.6367367583	-29.3249185765	-66.7266415202	-67.8447810551	-70.2475304091	-73.1282260613	-75.3367366996	-76.8100700329	-77.5627230942	-191.185414854	-193.905414854	-196.209904649	-197.778224649	-198.5628521	-208.185414854	-210.633876392	-212.330172688	-213.117876392	-225.660584665	-232.749917998	-239.666489427	-240.546632284	-245.043331532	-249.077717497	-250.870820945	-251.738210776	-250.723234738	-251.620455077	-235.166184665	-244.138388055	-245.020557546	-251.691454721	-252.635979312	-257.452241607	-258.412757736	-261.356757736	-262.366927227	-263.373007736	-264.398188064	-206.360271996	-209.151164304	-212.223533535	-213.861594141	-244.328230438	-247.31004862	-249.390291044	-250.446410447	-255.273066259	-257.355183906	-258.185560718	-261.737993795	-268.266689447	-271.395832304	-272.51594498	-273.315832304	-275.588054527	-276.724492883	228.820523834	237.422407817	166.21228141	-130.795974854	-226.086671996	236.189507817	-69.0928823209	-262.842108081	-214.680624444	185.538246675	239.276268318	
239.247474484	239.227474484	239.140807817	239.086407817	238.97814115	238.880998293	239.772274484	240.932274484	240.353074484	239.905862363	239.932529029	240.789874484	242.426819938	240.034529029	240.423296129	240.24483459	240.229010414	251.208153272	277.054553272	276.854553272	248.064686605	247.822804252	244.987039546	244.714595102	242.10282902	240.58082902	239.940067115	241.115881651	240.010881651	239.272321651	239.908101747	239.506916562	239.587719289	241.720153272	208.209122033	206.416018584	206.158951918	205.575485251	205.252904606	200.93523968	200.470207422	196.66448968	196.16823968	192.72023968	192.083148771	191.522926548	190.578592621	190.017727756	188.452754783	186.818088116	185.726196224	90.4588947435	50.7399203845	11.5491203845	10.5621730161	9.92197789415	-27.7754796155	-29.057003425	-29.7451852432	-67.1469081869	-68.2650477218	-70.6677970758	-73.548492728	-75.7570033663	-77.2303366996	-77.9829897608	-191.60568152	-194.32568152	-196.630171316	-198.198491316	-198.983118767	-208.60568152	-211.054143059	-212.750439355	-213.538143059	-226.080851332	-233.170184665	-240.086756093	-240.966898951	-245.463598199	-249.497984164	-251.291087612	-252.158477442	-251.143501405	-252.040721744	-235.586451332	-244.558654721	-245.440824213	-252.111721388	-253.056245978	-257.872508273	-258.833024402	-261.777024402	-262.787193894	-263.793274402	-264.81845473	-206.780538663	-209.571430971	-212.643800202	-214.281860808	-244.748497105	-247.730315286	-249.810557711	-250.866677114	-255.693332926	-257.775450573	-258.605827384	-262.158260462	-268.686956114	-271.816098971	-272.936211647	-273.736098971	-276.008321193	-277.144759549	228.400257168	237.00214115	165.792014744	-131.21624152	-226.506938663	235.76924115	-69.5131489876	-263.262374747	-215.100891111	185.117980008	238.856001651	
239.047474484	239.027474484	238.940807817	238.886407817	238.77814115	238.680998293	239.572274484	240.732274484	240.153074484	239.705862363	239.732529029	240.589874484	242.226819938	239.834529029	240.223296129	240.04483459	240.029010414	251.008153272	276.854553272	301.654553272	247.864686605	247.622804252	244.787039546	244.514595102	241.90282902	240.38082902	239.740067115	240.915881651	239.810881651	239.072321651	239.708101747	239.306916562	239.387719289	241.520153272	208.009122033	206.216018584	205.958951918	205.375485251	205.052904606	200.73523968	200.270207422	196.46448968	195.96823968	192.52023968	191.883148771	191.322926548	190.378592621	189.817727756	188.252754783	186.618088116	185.526196224	90.2588947435	50.5399203845	11.3491203845	10.3621730161	9.72197789415	-27.9754796155	-29.257003425	-29.9451852432	-67.3469081869	-68.4650477218	-70.8677970758	-73.748492728	-75.9570033663	-77.4303366996	-78.1829897608	-191.80568152	-194.52568152	-196.830171316	-198.398491316	-199.183118767	-208.80568152	-211.254143059	-212.950439355	-213.738143059	-226.280851332	-233.370184665	-240.286756093	-241.166898951	-245.663598199	-249.697984164	-251.491087612	-252.358477442	-251.343501405	-252.240721744	-235.786451332	-244.758654721	-245.640824213	-252.311721388	-253.256245978	-258.072508273	-259.033024402	-261.977024402	-262.987193894	-263.993274402	-265.01845473	-206.980538663	-209.771430971	-212.843800202	-214.481860808	-244.948497105	-247.930315286	-250.010557711	-251.066677114	-255.893332926	-257.975450573	-258.805827384	-262.358260462	-268.886956114	-272.016098971	-273.136211647	-273.936098971	-276.208321193	-277.344759549	228.200257168	236.80214115	165.592014744	-131.41624152	-226.706938663	235.56924115	-69.7131489876	-263.462374747	-215.300891111	184.917980008	238.656001651	
236.524274484	236.504274484	236.417607817	236.363207817	236.25494115	236.157798293	237.049074484	238.209074484	237.629874484	237.182662363	237.209329029	238.066674484	239.703619938	237.311329029	237.700096129	237.52163459	237.505810415	248.484953272	248.064686605	247.864686605	273.408153272	273.166270919	270.330506213	270.058061768	267.446295687	265.924295687	265.283533782	266.459348318	265.354348318	264.615788318	265.251568414	264.850383229	264.931185956	238.996953272	205.485922033	203.692818584	203.435751918	202.852285251	202.529704606	198.21203968	197.747007422	193.94128968	193.44503968	189.99703968	189.359948771	188.799726548	187.855392621	187.294527756	185.729554783	184.094888116	183.002996224	87.7356947435	48.0167203845	8.82592038454	7.83897301612	7.19877789417	-30.4986796155	-31.780203425	-32.4683852432	-69.8701081869	-70.9882477218	-73.3909970758	-76.271692728	-78.4802033663	-79.9535366996	-80.7061897608	-194.32888152	-197.04888152	-199.353371316	-200.921691316	-201.706318767	-211.32888152	-213.777343059	-215.473639355	-216.261343059	-228.804051332	-235.893384665	-242.809956093	-243.690098951	-248.186798199	-252.221184164	-254.014287612	-254.881677442	-253.866701405	-254.763921744	-238.309651332	-247.281854721	-248.164024213	-254.834921388	-255.779445978	-260.595708273	-261.556224402	-264.500224402	-265.510393894	-266.516474402	-267.54165473	-209.503738663	-212.294630971	-215.367000202	-217.005060808	-247.471697105	-250.453515286	-252.533757711	-253.589877114	-258.416532926	-260.498650573	-261.329027384	-264.881460462	-271.410156114	-274.539298971	-275.659411647	-276.459298971	-278.731521193	-279.867959549	225.677057168	234.27894115	163.068814744	-133.93944152	-229.230138663	233.04604115	-72.2363489876	-265.985574747	-217.824091111	182.394780008	264.199468318	
236.282392131	236.262392131	236.175725464	236.121325464	236.013058798	235.91591594	236.807192131	237.967192131	237.387992131	236.94078001	236.967446676	237.824792131	239.461737585	237.069446676	237.458213776	237.279752237	237.263928062	248.243070919	247.822804252	247.622804252	273.166270919	303.159682683	270.08862386	269.816179415	267.204413334	265.682413334	265.041651429	266.217465965	265.112465965	264.373905965	265.009686061	264.608500876	264.689303603	238.755070919	205.24403968	203.450936231	203.193869565	202.610402898	202.287822253	197.970157327	197.505125069	193.699407327	193.203157327	189.755157327	189.118066418	188.557844195	187.613510268	187.052645403	185.48767243	183.853005763	182.761113872	87.4938123906	47.7748380316	8.5840380316	7.59709066318	6.95689554123	-30.7405619684	-32.0220857779	-32.7102675961	-70.1119905398	-71.2301300747	-73.6328794287	-76.5135750809	-78.7220857192	-80.1954190525	-80.9480721137	-194.570763873	-197.290763873	-199.595253669	-201.163573669	-201.94820112	-211.570763873	-214.019225412	-215.715521708	-216.503225412	-229.045933684	-236.135267018	-243.051838446	-243.931981304	-248.428680552	-252.463066517	-254.256169965	-255.123559795	-254.108583758	-255.005804097	-238.551533684	-247.523737074	-248.405906566	-255.076803741	-256.021328331	-260.837590626	-261.798106755	-264.742106755	-265.752276247	-266.758356755	-267.783537083	-209.745621016	-212.536513324	-215.608882554	-217.246943161	-247.713579458	-250.695397639	-252.775640064	-253.831759467	-258.658415278	-260.740532926	-261.570909737	-265.123342815	-271.652038467	-274.781181324	-275.901294	-276.701181324	-278.973403546	-280.109841902	225.435174815	234.037058798	162.826932391	-134.181323873	-229.472021016	232.804158798	-72.4782313405	-266.2274571	-218.065973464	182.152897655	263.957585965	
